%YAML:1.0
---
Time: "Thu Mar 10 17:35:51 2022\n"
rotation:
   qw: 6.3206601142883301e-01
   qx: -6.4692711830139160e-01
   qy: 2.9416662454605103e-01
   qz: -3.0893987417221069e-01
translation:
   x: 2.0870130062103271e+00
   y: 1.0314933061599731e+00
   z: 1.0526971817016602e+00
