%YAML:1.0
---
Time: "Wed Mar  9 11:00:46 2022\n"
rotation:
   qw: 6.3206601142883301e-01
   qx: 6.4692711830139160e-01
   qy: -2.9416662454605103e-01
   qz: 3.0893987417221069e-01
translation:
   x: -5.6132298707962036e-01
   y: 1.0603027343750000e+00
   z: -2.2557587623596191e+00
